0.619607843137255 0.00392156862745098 0.258823529411765
0.627450980392157 0.0117647058823529 0.262745098039216
0.635294117647059 0.0235294117647059 0.262745098039216
0.643137254901961 0.0313725490196078 0.266666666666667
0.654901960784314 0.0431372549019608 0.266666666666667
0.662745098039216 0.0509803921568627 0.270588235294118
0.670588235294118 0.0588235294117647 0.270588235294118
0.67843137254902 0.0705882352941176 0.270588235294118
0.686274509803922 0.0784313725490196 0.274509803921569
0.694117647058824 0.0862745098039216 0.274509803921569
0.701960784313725 0.0980392156862745 0.27843137254902
0.709803921568627 0.105882352941176 0.27843137254902
0.717647058823529 0.113725490196078 0.282352941176471
0.729411764705882 0.125490196078431 0.282352941176471
0.737254901960784 0.133333333333333 0.282352941176471
0.745098039215686 0.141176470588235 0.286274509803922
0.752941176470588 0.152941176470588 0.286274509803922
0.756862745098039 0.16078431372549 0.286274509803922
0.764705882352941 0.168627450980392 0.290196078431373
0.772549019607843 0.176470588235294 0.290196078431373
0.780392156862745 0.188235294117647 0.290196078431373
0.788235294117647 0.196078431372549 0.290196078431373
0.796078431372549 0.203921568627451 0.294117647058824
0.803921568627451 0.211764705882353 0.294117647058824
0.807843137254902 0.219607843137255 0.294117647058824
0.815686274509804 0.231372549019608 0.294117647058824
0.823529411764706 0.23921568627451 0.294117647058824
0.827450980392157 0.247058823529412 0.294117647058824
0.835294117647059 0.254901960784314 0.294117647058824
0.843137254901961 0.262745098039216 0.294117647058824
0.847058823529412 0.270588235294118 0.294117647058824
0.854901960784314 0.27843137254902 0.290196078431373
0.858823529411765 0.286274509803922 0.290196078431373
0.866666666666667 0.294117647058824 0.290196078431373
0.870588235294118 0.301960784313725 0.290196078431373
0.874509803921569 0.309803921568627 0.290196078431373
0.882352941176471 0.317647058823529 0.290196078431373
0.886274509803922 0.325490196078431 0.290196078431373
0.890196078431372 0.333333333333333 0.286274509803922
0.894117647058824 0.341176470588235 0.286274509803922
0.901960784313726 0.349019607843137 0.286274509803922
0.905882352941176 0.356862745098039 0.286274509803922
0.909803921568627 0.364705882352941 0.286274509803922
0.913725490196078 0.372549019607843 0.286274509803922
0.917647058823529 0.380392156862745 0.286274509803922
0.92156862745098 0.388235294117647 0.286274509803922
0.925490196078431 0.396078431372549 0.286274509803922
0.929411764705882 0.403921568627451 0.286274509803922
0.933333333333333 0.415686274509804 0.286274509803922
0.937254901960784 0.423529411764706 0.286274509803922
0.941176470588235 0.431372549019608 0.290196078431373
0.941176470588235 0.43921568627451 0.290196078431373
0.945098039215686 0.447058823529412 0.290196078431373
0.949019607843137 0.454901960784314 0.294117647058824
0.952941176470588 0.466666666666667 0.294117647058824
0.952941176470588 0.474509803921569 0.298039215686275
0.956862745098039 0.482352941176471 0.301960784313725
0.956862745098039 0.494117647058824 0.301960784313725
0.96078431372549 0.501960784313725 0.305882352941176
0.964705882352941 0.509803921568627 0.309803921568627
0.964705882352941 0.52156862745098 0.313725490196078
0.968627450980392 0.529411764705882 0.313725490196078
0.968627450980392 0.537254901960784 0.317647058823529
0.972549019607843 0.549019607843137 0.32156862745098
0.972549019607843 0.556862745098039 0.325490196078431
0.972549019607843 0.568627450980392 0.329411764705882
0.976470588235294 0.576470588235294 0.337254901960784
0.976470588235294 0.584313725490196 0.341176470588235
0.976470588235294 0.596078431372549 0.345098039215686
0.980392156862745 0.603921568627451 0.349019607843137
0.980392156862745 0.611764705882353 0.352941176470588
0.980392156862745 0.623529411764706 0.36078431372549
0.984313725490196 0.631372549019608 0.364705882352941
0.984313725490196 0.63921568627451 0.368627450980392
0.984313725490196 0.650980392156863 0.376470588235294
0.984313725490196 0.658823529411765 0.380392156862745
0.988235294117647 0.666666666666667 0.384313725490196
0.988235294117647 0.67843137254902 0.392156862745098
0.988235294117647 0.686274509803922 0.396078431372549
0.988235294117647 0.694117647058824 0.403921568627451
0.988235294117647 0.701960784313725 0.407843137254902
0.988235294117647 0.709803921568627 0.415686274509804
0.992156862745098 0.72156862745098 0.419607843137255
0.992156862745098 0.729411764705882 0.427450980392157
0.992156862745098 0.737254901960784 0.431372549019608
0.992156862745098 0.745098039215686 0.43921568627451
0.992156862745098 0.752941176470588 0.443137254901961
0.992156862745098 0.76078431372549 0.450980392156863
0.992156862745098 0.768627450980392 0.454901960784314
0.992156862745098 0.776470588235294 0.462745098039216
0.992156862745098 0.784313725490196 0.470588235294118
0.992156862745098 0.792156862745098 0.474509803921569
0.996078431372549 0.8 0.482352941176471
0.996078431372549 0.803921568627451 0.490196078431373
0.996078431372549 0.811764705882353 0.494117647058824
0.996078431372549 0.819607843137255 0.501960784313725
0.996078431372549 0.827450980392157 0.509803921568627
0.996078431372549 0.835294117647059 0.517647058823529
0.996078431372549 0.83921568627451 0.52156862745098
0.996078431372549 0.847058823529412 0.529411764705882
0.996078431372549 0.854901960784314 0.537254901960784
0.996078431372549 0.858823529411765 0.545098039215686
0.996078431372549 0.866666666666667 0.552941176470588
0.996078431372549 0.870588235294118 0.56078431372549
0.996078431372549 0.87843137254902 0.564705882352941
0.996078431372549 0.882352941176471 0.572549019607843
0.996078431372549 0.890196078431372 0.580392156862745
0.996078431372549 0.894117647058824 0.588235294117647
0.996078431372549 0.901960784313726 0.596078431372549
0.996078431372549 0.905882352941176 0.603921568627451
0.996078431372549 0.909803921568627 0.607843137254902
0.996078431372549 0.917647058823529 0.615686274509804
0.996078431372549 0.92156862745098 0.623529411764706
0.996078431372549 0.925490196078431 0.631372549019608
0.996078431372549 0.929411764705882 0.635294117647059
0.996078431372549 0.937254901960784 0.643137254901961
0.996078431372549 0.941176470588235 0.647058823529412
0.996078431372549 0.945098039215686 0.654901960784314
0.996078431372549 0.949019607843137 0.658823529411765
0.992156862745098 0.952941176470588 0.662745098039216
0.992156862745098 0.952941176470588 0.666666666666667
0.992156862745098 0.956862745098039 0.670588235294118
0.992156862745098 0.96078431372549 0.674509803921569
0.988235294117647 0.964705882352941 0.67843137254902
0.988235294117647 0.964705882352941 0.682352941176471
0.988235294117647 0.968627450980392 0.686274509803922
0.984313725490196 0.968627450980392 0.686274509803922
0.984313725490196 0.972549019607843 0.690196078431373
0.980392156862745 0.972549019607843 0.690196078431373
0.980392156862745 0.976470588235294 0.690196078431373
0.976470588235294 0.976470588235294 0.690196078431373
0.976470588235294 0.976470588235294 0.690196078431373
0.972549019607843 0.976470588235294 0.690196078431373
0.968627450980392 0.980392156862745 0.686274509803922
0.968627450980392 0.980392156862745 0.686274509803922
0.964705882352941 0.980392156862745 0.682352941176471
0.96078431372549 0.980392156862745 0.682352941176471
0.956862745098039 0.976470588235294 0.67843137254902
0.952941176470588 0.976470588235294 0.674509803921569
0.949019607843137 0.976470588235294 0.674509803921569
0.949019607843137 0.976470588235294 0.670588235294118
0.941176470588235 0.976470588235294 0.666666666666667
0.937254901960784 0.972549019607843 0.662745098039216
0.933333333333333 0.972549019607843 0.658823529411765
0.929411764705882 0.972549019607843 0.654901960784314
0.925490196078431 0.968627450980392 0.654901960784314
0.92156862745098 0.968627450980392 0.650980392156863
0.913725490196078 0.964705882352941 0.647058823529412
0.909803921568627 0.964705882352941 0.643137254901961
0.905882352941176 0.96078431372549 0.63921568627451
0.898039215686275 0.96078431372549 0.635294117647059
0.894117647058824 0.956862745098039 0.635294117647059
0.886274509803922 0.952941176470588 0.631372549019608
0.87843137254902 0.952941176470588 0.631372549019608
0.874509803921569 0.949019607843137 0.627450980392157
0.866666666666667 0.945098039215686 0.627450980392157
0.858823529411765 0.945098039215686 0.623529411764706
0.850980392156863 0.941176470588235 0.623529411764706
0.843137254901961 0.937254901960784 0.623529411764706
0.83921568627451 0.933333333333333 0.623529411764706
0.831372549019608 0.933333333333333 0.623529411764706
0.823529411764706 0.929411764705882 0.619607843137255
0.815686274509804 0.925490196078431 0.619607843137255
0.803921568627451 0.92156862745098 0.623529411764706
0.796078431372549 0.917647058823529 0.623529411764706
0.788235294117647 0.913725490196078 0.623529411764706
0.780392156862745 0.909803921568627 0.623529411764706
0.772549019607843 0.909803921568627 0.623529411764706
0.764705882352941 0.905882352941176 0.623529411764706
0.752941176470588 0.901960784313726 0.627450980392157
0.745098039215686 0.898039215686275 0.627450980392157
0.737254901960784 0.894117647058824 0.627450980392157
0.725490196078431 0.890196078431372 0.627450980392157
0.717647058823529 0.886274509803922 0.631372549019608
0.705882352941177 0.882352941176471 0.631372549019608
0.698039215686274 0.87843137254902 0.631372549019608
0.690196078431373 0.874509803921569 0.631372549019608
0.67843137254902 0.870588235294118 0.635294117647059
0.670588235294118 0.866666666666667 0.635294117647059
0.658823529411765 0.862745098039216 0.635294117647059
0.650980392156863 0.858823529411765 0.63921568627451
0.63921568627451 0.854901960784314 0.63921568627451
0.627450980392157 0.850980392156863 0.63921568627451
0.619607843137255 0.847058823529412 0.63921568627451
0.607843137254902 0.843137254901961 0.63921568627451
0.6 0.83921568627451 0.643137254901961
0.588235294117647 0.835294117647059 0.643137254901961
0.580392156862745 0.831372549019608 0.643137254901961
0.568627450980392 0.827450980392157 0.643137254901961
0.556862745098039 0.819607843137255 0.643137254901961
0.549019607843137 0.815686274509804 0.643137254901961
0.537254901960784 0.811764705882353 0.647058823529412
0.529411764705882 0.807843137254902 0.647058823529412
0.517647058823529 0.803921568627451 0.647058823529412
0.509803921568627 0.796078431372549 0.647058823529412
0.498039215686275 0.792156862745098 0.650980392156863
0.490196078431373 0.788235294117647 0.650980392156863
0.47843137254902 0.780392156862745 0.650980392156863
0.466666666666667 0.776470588235294 0.650980392156863
0.458823529411765 0.772549019607843 0.654901960784314
0.450980392156863 0.764705882352941 0.654901960784314
0.43921568627451 0.76078431372549 0.658823529411765
0.431372549019608 0.752941176470588 0.658823529411765
0.419607843137255 0.745098039215686 0.658823529411765
0.411764705882353 0.741176470588235 0.662745098039216
0.4 0.733333333333333 0.662745098039216
0.392156862745098 0.725490196078431 0.666666666666667
0.384313725490196 0.72156862745098 0.666666666666667
0.376470588235294 0.713725490196078 0.670588235294118
0.364705882352941 0.705882352941177 0.674509803921569
0.356862745098039 0.698039215686274 0.674509803921569
0.349019607843137 0.690196078431373 0.67843137254902
0.341176470588235 0.682352941176471 0.682352941176471
0.333333333333333 0.674509803921569 0.682352941176471
0.325490196078431 0.666666666666667 0.686274509803922
0.317647058823529 0.658823529411765 0.686274509803922
0.313725490196078 0.650980392156863 0.690196078431373
0.305882352941176 0.643137254901961 0.694117647058824
0.298039215686275 0.635294117647059 0.694117647058824
0.294117647058824 0.627450980392157 0.698039215686274
0.286274509803922 0.615686274509804 0.698039215686274
0.282352941176471 0.607843137254902 0.701960784313725
0.27843137254902 0.6 0.701960784313725
0.274509803921569 0.592156862745098 0.701960784313725
0.270588235294118 0.584313725490196 0.705882352941177
0.266666666666667 0.572549019607843 0.705882352941177
0.262745098039216 0.564705882352941 0.705882352941177
0.262745098039216 0.556862745098039 0.705882352941177
0.258823529411765 0.549019607843137 0.709803921568627
0.258823529411765 0.537254901960784 0.709803921568627
0.258823529411765 0.529411764705882 0.705882352941177
0.258823529411765 0.52156862745098 0.705882352941177
0.258823529411765 0.513725490196078 0.705882352941177
0.258823529411765 0.501960784313725 0.705882352941177
0.262745098039216 0.494117647058824 0.701960784313725
0.262745098039216 0.486274509803922 0.701960784313725
0.266666666666667 0.47843137254902 0.701960784313725
0.270588235294118 0.466666666666667 0.698039215686274
0.270588235294118 0.458823529411765 0.694117647058824
0.274509803921569 0.450980392156863 0.694117647058824
0.27843137254902 0.443137254901961 0.690196078431373
0.282352941176471 0.431372549019608 0.686274509803922
0.290196078431373 0.423529411764706 0.686274509803922
0.294117647058824 0.415686274509804 0.682352941176471
0.298039215686275 0.407843137254902 0.67843137254902
0.305882352941176 0.396078431372549 0.674509803921569
0.309803921568627 0.388235294117647 0.670588235294118
0.317647058823529 0.380392156862745 0.666666666666667
0.32156862745098 0.372549019607843 0.662745098039216
0.329411764705882 0.36078431372549 0.658823529411765
0.333333333333333 0.352941176470588 0.654901960784314
0.341176470588235 0.345098039215686 0.650980392156863
0.349019607843137 0.337254901960784 0.647058823529412
0.356862745098039 0.325490196078431 0.643137254901961
0.36078431372549 0.317647058823529 0.63921568627451
0.368627450980392 0.309803921568627 0.635294117647059
